#see also https://stackoverflow.com/questions/2211990/how-to-implement-an-efficient-infinite-generator-of-prime-numbers-in-python/10733621#10733621
cycle [2, 4, 2, 4, 6, 2, 6, 4, 2, 4, 6, 6, 2, 6, 4, 2, 6, 4, 6, 8, 4, 2, 4, 2, 4, 8, 6, 4, 6, 2, 4, 6, 2, 6, 6, 4, 2, 4, 6, 2, 6, 4, 2, 4, 2, 10, 2, 10]
48 elements, start from 11 to avoid multiples of primes until 11 excluded


next:
L=[2,3,5,7,11]
p=13
i=iter(cycle((4, 2, 4, 6, 2, 6, 4, 2, 4, 6, 6, 2, 6, 4, 2, 6, 4, 6, 8, 4, 2, 4, 2, 4, 14, 4, 6, 2, 10, 2, 6, 6, 4, 2, 4, 6, 2, 10, 2, 4, 2, 12, 10, 2, 4, 2, 4, 6, 2, 6, 4, 6, 6, 6, 2, 6, 4, 2, 6, 4, 6, 8, 4, 2, 4, 6, 8, 6, 10, 2, 4, 6, 2, 6, 6, 4, 2, 4, 6, 2, 6, 4, 2, 6, 10, 2, 10, 2, 4, 2, 4, 6, 8, 4, 2, 4, 12, 2, 6, 4, 2, 6, 4, 6, 12, 2, 4, 2, 4, 8, 6, 4, 6, 2, 4, 6, 2, 6, 10, 2, 4, 6, 2, 6, 4, 2, 4, 2, 10, 2, 10, 2, 4, 6, 6, 2, 6, 6, 4, 6, 6, 2, 6, 4, 2, 6, 4, 6, 8, 4, 2, 6, 4, 8, 6, 4, 6, 2, 4, 6, 8, 6, 4, 2, 10, 2, 6, 4, 2, 4, 2, 10, 2, 10, 2, 4, 2, 4, 8, 6, 4, 2, 4, 6, 6, 2, 6, 4, 8, 4, 6, 8, 4, 2, 4, 2, 4, 8, 6, 4, 6, 6, 6, 2, 6, 6, 4, 2, 4, 6, 2, 6, 4, 2, 4, 2, 10, 2, 10, 2, 6, 4, 6, 2, 6, 4, 2, 4, 6, 6, 8, 4, 2, 6, 10, 8, 4, 2, 4, 2, 4, 8, 10, 6, 2, 4, 8, 6, 6, 4, 2, 4, 6, 2, 6, 4, 6, 2, 10, 2, 10, 2, 4, 2, 4, 6, 2, 6, 4, 2, 4, 6, 6, 2, 6, 6, 6, 4, 6, 8, 4, 2, 4, 2, 4, 8, 6, 4, 8, 4, 6, 2, 6, 6, 4, 2, 4, 6, 8, 4, 2, 4, 2, 10, 2, 10, 2, 4, 2, 4, 6, 2, 10, 2, 4, 6, 8, 6, 4, 2, 6, 4, 6, 8, 4, 6, 2, 4, 8, 6, 4, 6, 2, 4, 6, 2, 6, 6, 4, 6, 6, 2, 6, 6, 4, 2, 10, 2, 10, 2, 4, 2, 4, 6, 2, 6, 4, 2, 10, 6, 2, 6, 4, 2, 6, 4, 6, 8, 4, 2, 4, 2, 12, 6, 4, 6, 2, 4, 6, 2, 12, 4, 2, 4, 8, 6, 4, 2, 4, 2, 10, 2, 10, 6, 2, 4, 6, 2, 6, 4, 2, 4, 6, 6, 2, 6, 4, 2, 10, 6, 8, 6, 4, 2, 4, 8, 6, 4, 6, 2, 4, 6, 2, 6, 6, 6, 4, 6, 2, 6, 4, 2, 4, 2, 10, 12, 2, 4, 2, 10, 2, 6, 4, 2, 4, 6, 6, 2, 10, 2, 6, 4, 14, 4, 2, 4, 2, 4, 8, 6, 4, 6, 2, 4, 6, 2, 6, 6, 4, 2, 4, 6, 2, 6, 4, 2, 4, 12, 2, 12)))
while len(L)<50000:
    if is_prime(p):L.append(p)
    p += next(i)
    
    
next (5760)



P=[2,3,5,7,11,13]
i=iter(cycle((2, 4, 6, 2, 6, 4, 2, 4, 6, 6, 2, 6, 4, 2, 6, 4, 6, 8, 4, 2, 4, 2, 4, 14, 4, 6, 2, 10, 2, 6, 6, 4, 6, 6, 2, 10, 2, 4, 2, 12, 12, 4, 2, 4, 6, 2, 10, 6, 6, 6, 2, 6, 4, 2, 6, 4, 14, 4, 2, 4, 6, 8, 6, 10, 2, 4, 6, 2, 6, 6, 6, 4, 6, 2, 6, 4, 8, 10, 2, 10, 2, 4, 2, 4, 6, 8, 4, 2, 4, 12, 8, 4, 2, 6, 4, 6, 12, 2, 4, 2, 12, 6, 4, 6, 6, 6, 2, 6, 10, 2, 4, 6, 2, 6, 6, 4, 2, 10, 2, 10, 2, 4, 6, 6, 2, 6, 6, 4, 6, 8, 6, 4, 2, 6, 4, 6, 8, 4, 2, 6, 4, 8, 6, 4, 8, 4, 6, 8, 10, 2, 10, 2, 6, 4, 2, 4, 2, 10, 2, 10, 2, 4, 2, 4, 14, 4, 2, 4, 6, 6, 2, 6, 4, 8, 10, 8, 4, 2, 4, 6, 8, 6, 4, 6, 6, 6, 2, 6, 6, 4, 2, 4, 6, 2, 10, 2, 4, 2, 10, 2, 10, 2, 6, 4, 8, 6, 4, 2, 4, 6, 6, 8, 4, 2, 6, 10, 8, 4, 2, 6, 4, 8, 10, 6, 2, 4, 8, 6, 6, 4, 2, 4, 6, 2, 6, 4, 6, 2, 10, 12, 2, 4, 2, 4, 6, 2, 6, 4, 2, 4, 12, 2, 6, 6, 10, 6, 8, 4, 2, 4, 2, 4, 8, 6, 12, 4, 6, 2, 12, 4, 2, 4, 6, 8, 4, 2, 4, 2, 12, 10, 2, 4, 2, 4, 6, 2, 10, 2, 4, 6, 8, 6, 4, 2, 6, 4, 6, 8, 4, 6, 2, 4, 8, 6, 4, 6, 2, 4, 6, 2, 6, 6, 4, 6, 6, 8, 6, 4, 2, 10, 2, 10, 2, 4, 2, 10, 2, 6, 4, 2, 10, 6, 2, 6, 4, 2, 6, 4, 6, 8, 6, 4, 2, 12, 10, 6, 2, 4, 6, 2, 12, 4, 2, 4, 8, 6, 4, 2, 4, 2, 10, 2, 10, 6, 2, 4, 6, 2, 6, 4, 2, 10, 6, 2, 6, 4, 12, 6, 8, 6, 4, 2, 4, 8, 6, 4, 6, 2, 4, 6, 8, 6, 6, 4, 6, 2, 6, 4, 2, 4, 2, 10, 12, 2, 4, 12, 2, 6, 4, 2, 4, 6, 6, 2, 12, 6, 4, 18, 2, 4, 2, 4, 8, 6, 4, 6, 2, 4, 8, 6, 6, 4, 2, 4, 6, 2, 6, 4, 2, 4, 12, 2, 12, 6, 4, 6, 2, 6, 4, 6, 6, 6, 2, 6, 4, 2, 6, 4, 6, 8, 4, 2, 4, 2, 4, 14, 4, 6, 2, 10, 2, 6, 6, 4, 2, 10, 2, 10, 2, 4, 14, 10, 2, 4, 2, 4, 6, 2, 6, 10, 6, 6, 2, 10, 2, 6, 4, 6, 8, 4, 2, 4, 6, 8, 6, 10, 2, 4, 6, 2, 6, 6, 4, 2, 4, 6, 2, 6, 4, 2, 6, 10, 2, 10, 6, 2, 4, 6, 8, 4, 2, 4, 12, 2, 6, 4, 2, 6, 4, 6, 12, 2, 4, 2, 4, 8, 6, 4, 6, 2, 10, 2, 6, 10, 6, 6, 2, 6, 4, 2, 4, 2, 10, 2, 12, 4, 6, 6, 2, 12, 4, 6, 6, 2, 6, 4, 2, 6, 4, 14, 4, 2, 6, 4, 8, 6, 4, 6, 2, 4, 6, 8, 6, 6, 10, 2, 6, 4, 6, 2, 10, 2, 10, 2, 4, 2, 4, 8, 6, 4, 2, 4, 6, 6, 8, 4, 8, 4, 6, 8, 4, 2, 4, 2, 12, 6, 4, 6, 6, 6, 2, 6, 6, 4, 2, 4, 6, 2, 6, 6, 4, 2, 10, 2, 10, 2, 6, 4, 6, 2, 6, 4, 2, 4, 6, 14, 4, 2, 6, 10, 8, 4, 2, 4, 2, 4, 8, 10, 8, 4, 8, 6, 10, 2, 4, 6, 2, 6, 4, 6, 2, 10, 2, 10, 2, 4, 2, 4, 6, 8, 4, 2, 4, 6, 6, 2, 6, 6, 6, 10, 8, 4, 2, 4, 6, 8, 6, 4, 8, 4, 6, 2, 6, 6, 4, 2, 4, 6, 12, 2, 4, 2, 10, 2, 10, 2, 4, 2, 4, 8, 10, 2, 4, 6, 8, 6, 4, 2, 6, 4, 6, 8, 4, 8, 4, 8, 6, 4, 6, 2, 4, 6, 2, 6, 6, 4, 6, 6, 2, 6, 6, 4, 2, 10, 12, 2, 4, 2, 4, 6, 2, 6, 4, 2, 16, 2, 6, 4, 2, 10, 6, 8, 4, 2, 4, 2, 12, 6, 10, 2, 4, 6, 2, 12, 4, 2, 4, 8, 6, 4, 2, 4, 2, 12, 10, 6, 2, 4, 6, 2, 6, 4, 2, 4, 6, 6, 2, 6, 4, 2, 10, 6, 8, 10, 2, 4, 8, 6, 4, 6, 2, 4, 6, 2, 6, 6, 6, 4, 6, 8, 4, 2, 4, 2, 10, 12, 2, 4, 2, 10, 2, 6, 4, 2, 4, 6, 6, 2, 10, 2, 6, 4, 14, 6, 4, 2, 4, 8, 10, 6, 2, 4, 6, 2, 6, 6, 4, 2, 4, 8, 6, 4, 2, 4, 12, 2, 12, 4, 2, 4, 6, 2, 6, 4, 2, 10, 6, 2, 6, 4, 8, 4, 6, 8, 4, 2, 4, 2, 4, 14, 4, 6, 2, 10, 8, 6, 4, 2, 4, 6, 2, 10, 2, 4, 2, 12, 10, 2, 4, 6, 6, 2, 6, 4, 6, 6, 6, 2, 6, 6, 6, 4, 6, 12, 2, 4, 6, 8, 6, 10, 2, 4, 8, 6, 6, 4, 2, 4, 6, 2, 6, 4, 2, 6, 10, 2, 10, 2, 6, 4, 6, 8, 4, 6, 12, 2, 6, 4, 2, 6, 4, 6, 12, 2, 4, 2, 4, 14, 4, 6, 2, 4, 6, 2, 6, 10, 2, 10, 2, 6, 4, 2, 4, 12, 2, 10, 2, 4, 6, 6, 2, 6, 6, 4, 6, 6, 2, 10, 2, 6, 4, 6, 8, 4, 2, 6, 4, 8, 6, 4, 6, 2, 4, 6, 8, 6, 4, 2, 10, 2, 6, 4, 2, 6, 10, 2, 10, 6, 2, 4, 8, 6, 4, 2, 4, 6, 6, 2, 6, 4, 8, 4, 6, 8, 4, 2, 4, 2, 4, 8, 6, 4, 6, 12, 2, 6, 6, 4, 6, 6, 2, 6, 4, 2, 4, 2, 10, 2, 12, 6, 4, 6, 2, 10, 2, 4, 6, 6, 8, 4, 2, 6, 18, 4, 2, 4, 2, 4, 8, 10, 6, 2, 4, 8, 6, 6, 6, 4, 6, 2, 6, 4, 6, 2, 10, 2, 10, 2, 4, 2, 4, 6, 2, 6, 4, 2, 4, 6, 6, 8, 6, 6, 4, 6, 8, 4, 2, 4, 2, 12, 6, 4, 12, 6, 2, 6, 6, 4, 2, 4, 6, 8, 6, 4, 2, 10, 2, 10, 2, 4, 2, 4, 6, 2, 10, 2, 4, 6, 8, 6, 4, 2, 6, 4, 6, 8, 4, 6, 2, 4, 8, 6, 4, 8, 4, 6, 2, 6, 10, 6, 6, 2, 6, 6, 4, 2, 10, 2, 10, 2, 4, 2, 4, 6, 8, 4, 2, 10, 6, 2, 6, 4, 2, 6, 10, 8, 4, 2, 4, 14, 6, 4, 6, 2, 4, 6, 2, 12, 4, 2, 4, 8, 10, 2, 4, 2, 10, 2, 10, 6, 2, 4, 8, 6, 4, 2, 4, 6, 6, 2, 6, 4, 2, 10, 6, 8, 6, 6, 4, 8, 6, 4, 6, 2, 4, 6, 2, 6, 6, 6, 4, 6, 2, 6, 4, 2, 4, 2, 10, 12, 2, 4, 2, 10, 2, 6, 4, 2, 4, 12, 2, 10, 2, 10, 14, 4, 2, 4, 2, 4, 8, 6, 10, 2, 4, 6, 2, 12, 4, 2, 4, 6, 2, 6, 4, 2, 4, 14, 12, 4, 2, 4, 6, 2, 6, 4, 2, 4, 6, 6, 2, 6, 4, 2, 6, 4, 6, 8, 4, 6, 2, 4, 14, 4, 6, 2, 10, 2, 6, 6, 4, 2, 4, 6, 12, 2, 4, 2, 12, 10, 2, 4, 2, 10, 2, 6, 4, 6, 6, 6, 2, 6, 4, 2, 6, 4, 6, 8, 6, 4, 6, 8, 16, 2, 4, 6, 2, 6, 6, 4, 2, 4, 8, 6, 4, 2, 6, 10, 2, 10, 2, 4, 2, 4, 6, 8, 4, 2, 16, 2, 6, 4, 8, 4, 6, 12, 2, 4, 2, 4, 8, 6, 4, 6, 2, 4, 6, 8, 10, 2, 4, 6, 2, 6, 4, 2, 4, 2, 10, 2, 10, 2, 4, 6, 6, 2, 6, 6, 4, 6, 6, 2, 6, 6, 6, 4, 6, 12, 2, 6, 4, 8, 6, 4, 6, 2, 4, 14, 6, 4, 2, 10, 2, 6, 4, 2, 4, 2, 10, 2, 10, 2, 6, 4, 8, 6, 4, 6, 6, 6, 2, 6, 4, 8, 4, 6, 8, 4, 2, 4, 2, 4, 14, 4, 6, 6, 6, 2, 6, 6, 4, 2, 10, 2, 6, 4, 2, 4, 12, 2, 10, 2, 6, 4, 6, 2, 6, 6, 4, 6, 6, 12, 2, 6, 10, 8, 4, 2, 4, 2, 4, 8, 10, 6, 2, 4, 8, 6, 6, 4, 2, 4, 6, 2, 6, 4, 8, 10, 2, 10, 6, 2, 4, 6, 2, 6, 4, 2, 4, 6, 6, 2, 6, 6, 6, 4, 6, 8, 4, 2, 4, 2, 4, 8, 6, 4, 8, 10, 2, 6, 6, 4, 6, 6, 8, 4, 2, 4, 2, 10, 2, 12, 4, 2, 4, 6, 2, 10, 2, 4, 6, 8, 6, 4, 2, 6, 4, 14, 4, 6, 2, 4, 8, 6, 4, 6, 2, 4, 6, 2, 6, 6, 10, 6, 2, 6, 10, 2, 10, 2, 10, 2, 4, 2, 4, 6, 2, 6, 4, 2, 10, 6, 8, 4, 2, 6, 4, 6, 8, 4, 2, 4, 2, 12, 6, 4, 6, 6, 6, 2, 12, 4, 2, 4, 8, 6, 6, 4, 2, 10, 2, 10, 6, 2, 4, 6, 2, 6, 4, 2, 4, 6, 8, 6, 4, 2, 10, 6, 8, 6, 4, 2, 4, 8, 6, 4, 8, 4, 6, 2, 6, 12, 4, 6, 2, 6, 4, 2, 4, 2, 10, 12, 2, 4, 2, 10, 8, 4, 2, 4, 6, 6, 2, 10, 2, 6, 18, 4, 2, 4, 6, 8, 6, 4, 6, 2, 4, 6, 2, 6, 6, 4, 2, 4, 6, 2, 10, 2, 4, 12, 2, 12, 4, 2, 4, 8, 6, 4, 2, 4, 6, 6, 2, 6, 4, 2, 6, 4, 6, 8, 4, 2, 6, 4, 14, 4, 6, 2, 10, 2, 6, 6, 4, 2, 4, 6, 2, 10, 2, 4, 2, 22, 2, 4, 2, 4, 6, 2, 6, 4, 6, 12, 2, 6, 4, 2, 10, 6, 8, 4, 2, 4, 6, 8, 6, 10, 2, 4, 6, 2, 12, 4, 2, 4, 6, 2, 6, 4, 2, 6, 12, 10, 2, 4, 2, 4, 6, 8, 4, 2, 4, 12, 2, 6, 4, 2, 6, 4, 6, 12, 6, 2, 4, 8, 6, 4, 6, 2, 4, 6, 2, 6, 10, 2, 4, 6, 8, 4, 2, 4, 2, 10, 2, 10, 2, 4, 12, 2, 6, 6, 4, 6, 6, 2, 6, 4, 2, 6, 4, 6, 8, 6, 6, 4, 8, 10, 6, 2, 4, 6, 8, 6, 4, 2, 12, 6, 4, 2, 4, 2, 10, 2, 10, 2, 4, 2, 4, 8, 6, 4, 2, 10, 6, 2, 6, 4, 8, 4, 6, 8, 4, 2, 4, 2, 4, 8, 6, 4, 6, 6, 6, 8, 6, 4, 2, 4, 6, 2, 6, 4, 2, 4, 2, 10, 2, 10, 2, 10, 6, 2, 6, 4, 2, 4, 6, 6, 8, 6, 6, 10, 12, 2, 4, 2, 4, 8, 10, 6, 2, 4, 8, 6, 6, 4, 2, 4, 6, 2, 6, 4, 6, 2, 10, 2, 10, 2, 6, 4, 6, 2, 6, 4, 6, 6, 6, 2, 6, 6, 6, 4, 6, 8, 4, 2, 4, 2, 4, 14, 4, 8, 4, 6, 2, 6, 6, 4, 2, 10, 8, 4, 2, 4, 12, 2, 10, 2, 4, 2, 4, 6, 2, 12, 4, 6, 8, 10, 2, 6, 4, 6, 8, 4, 6, 2, 4, 8, 6, 4, 6, 2, 4, 6, 2, 6, 6, 4, 6, 6, 2, 6, 6, 6, 10, 2, 10, 6, 2, 4, 6, 2, 6, 4, 2, 10, 6, 2, 6, 4, 2, 6, 4, 6, 8, 4, 2, 4, 2, 12, 6, 4, 6, 2, 10, 2, 12, 4, 6, 8, 6, 4, 2, 4, 2, 10, 2, 16, 2, 4, 6, 2, 10, 2, 4, 6, 6, 2, 6, 4, 2, 10, 14, 6, 4, 2, 4, 8, 6, 4, 6, 2, 4, 6, 2, 6, 6, 6, 4, 6, 2, 6, 4, 6, 2, 10, 12, 2, 4, 2, 10, 2, 6, 4, 2, 4, 6, 6, 12, 2, 6, 4, 14, 4, 2, 4, 2, 12, 6, 4, 6, 6, 6, 2, 6, 6, 4, 2, 4, 6, 2, 6, 6, 4, 12, 2, 12, 4, 2, 4, 6, 2, 6, 4, 2, 4, 6, 8, 6, 4, 2, 6, 4, 6, 8, 4, 2, 4, 2, 4, 14, 4, 8, 10, 2, 6, 10, 2, 4, 6, 2, 10, 2, 4, 2, 12, 10, 2, 4, 2, 4, 6, 8, 4, 6, 6, 6, 2, 6, 4, 2, 6, 10, 8, 4, 2, 4, 6, 8, 6, 10, 2, 4, 6, 2, 6, 6, 4, 2, 4, 6, 2, 10, 2, 6, 10, 2, 10, 2, 4, 2, 4, 14, 4, 2, 4, 12, 2, 6, 4, 2, 6, 4, 6, 12, 2, 6, 4, 8, 6, 4, 6, 2, 4, 6, 2, 6, 10, 2, 4, 6, 2, 6, 4, 2, 4, 2, 10, 12, 2, 4, 6, 6, 2, 6, 6, 4, 12, 2, 6, 4, 2, 10, 6, 8, 4, 2, 6, 4, 8, 6, 10, 2, 4, 6, 14, 4, 2, 10, 2, 6, 4, 2, 4, 2, 12, 10, 2, 4, 2, 4, 8, 6, 4, 2, 4, 6, 6, 2, 6, 4, 8, 4, 6, 8, 4, 6, 2, 4, 8, 6, 4, 6, 6, 6, 2, 6, 6, 4, 2, 4, 6, 8, 4, 2, 4, 2, 10, 2, 10, 2, 6, 10, 2, 6, 4, 2, 4, 6, 6, 8, 4, 2, 6, 10, 8, 6, 4, 2, 4, 8, 10, 6, 2, 4, 8, 6, 6, 4, 2, 4, 8, 6, 4, 6, 2, 10, 2, 10, 2, 4, 2, 4, 6, 2, 6, 4, 2, 10, 6, 2, 6, 12, 4, 6, 8, 4, 2, 4, 2, 4, 8, 6, 4, 8, 4, 6, 8, 6, 4, 2, 4, 6, 8, 4, 2, 4, 2, 10, 2, 10, 2, 4, 6, 6, 2, 10, 2, 4, 6, 8, 6, 6, 6, 4, 6, 12, 6, 2, 4, 8, 6, 4, 6, 2, 4, 8, 6, 6, 4, 6, 6, 2, 6, 6, 4, 2, 10, 2, 10, 2, 6, 4, 6, 2, 6, 4, 12, 6, 2, 6, 4, 2, 6, 4, 6, 8, 4, 2, 4, 2, 18, 4, 6, 2, 4, 6, 2, 12, 4, 2, 12, 6, 4, 2, 4, 12, 2, 10, 6, 2, 4, 6, 2, 6, 6, 4, 6, 6, 2, 10, 2, 10, 6, 8, 6, 4, 2, 4, 8, 6, 4, 6, 2, 4, 6, 2, 6, 6, 6, 4, 6, 2, 6, 4, 2, 6, 10, 12, 6, 2, 10, 2, 6, 4, 2, 4, 6, 6, 2, 10, 2, 6, 4, 14, 4, 2, 4, 2, 4, 8, 6, 4, 6, 2, 10, 2, 6, 6, 4, 6, 6, 2, 6, 4, 2, 4, 12, 2, 12, 4, 2, 4, 6, 2, 10, 2, 4, 6, 6, 2, 6, 4, 2, 6, 4, 14, 4, 2, 4, 2, 4, 14, 4, 6, 2, 10, 2, 6, 6, 6, 4, 6, 2, 10, 6, 2, 12, 10, 2, 4, 2, 4, 6, 2, 6, 4, 6, 6, 6, 8, 4, 2, 6, 4, 6, 8, 4, 2, 4, 14, 6, 10, 6, 6, 2, 6, 6, 4, 2, 4, 6, 2, 6, 6, 6, 10, 2, 10, 2, 4, 2, 4, 6, 8, 4, 2, 4, 14, 6, 4, 2, 6, 4, 6, 12, 2, 4, 2, 4, 8, 6, 4, 8, 4, 6, 2, 6, 10, 2, 4, 6, 2, 6, 4, 2, 4, 2, 10, 2, 10, 2, 4, 6, 6, 8, 6, 4, 6, 6, 2, 6, 4, 2, 6, 10, 8, 4, 2, 10, 8, 6, 4, 6, 2, 4, 6, 8, 6, 4, 2, 10, 2, 10, 2, 4, 2, 10, 2, 10, 2, 4, 2, 4, 8, 6, 4, 2, 4, 6, 6, 2, 6, 4, 8, 4, 6, 8, 4, 2, 6, 4, 8, 6, 4, 6, 6, 6, 2, 6, 6, 4, 2, 4, 6, 2, 6, 4, 2, 4, 2, 10, 12, 2, 6, 4, 6, 2, 6, 4, 2, 4, 12, 8, 4, 2, 16, 8, 4, 2, 4, 2, 4, 8, 16, 2, 4, 8, 12, 4, 2, 4, 6, 2, 6, 4, 6, 2, 12, 10, 2, 4, 2, 4, 6, 2, 6, 4, 2, 4, 6, 6, 2, 6, 6, 6, 4, 6, 8, 4, 6, 2, 4, 8, 6, 4, 8, 4, 6, 2, 6, 6, 4, 2, 4, 6, 8, 4, 2, 4, 2, 10, 2, 10, 2, 4, 2, 10, 2, 10, 2, 4, 6, 8, 6, 4, 2, 6, 4, 6, 8, 10, 2, 4, 8, 10, 6, 2, 4, 6, 2, 6, 6, 4, 6, 8, 6, 6, 4, 2, 10, 2, 10, 2, 4, 2, 4, 6, 2, 6, 4, 2, 10, 6, 2, 6, 4, 8, 4, 6, 8, 4, 2, 4, 2, 12, 6, 4, 6, 2, 4, 6, 14, 4, 2, 4, 8, 6, 4, 2, 4, 2, 10, 2, 10, 6, 6, 6, 2, 6, 4, 2, 4, 6, 6, 2, 6, 6, 10, 6, 14, 4, 2, 4, 8, 6, 4, 6, 2, 4, 8, 6, 6, 6, 4, 6, 2, 6, 4, 2, 4, 2, 10, 12, 2, 6, 10, 2, 6, 4, 6, 6, 6, 2, 10, 2, 6, 4, 14, 4, 2, 4, 2, 4, 14, 4, 6, 2, 4, 6, 2, 6, 6, 4, 2, 10, 2, 6, 4, 2, 4, 12, 2, 12, 4, 2, 4, 6, 2, 6, 6, 4, 6, 6, 2, 10, 2, 6, 4, 6, 8, 4, 2, 4, 2, 4, 14, 4, 6, 2, 10, 2, 6, 6, 4, 2, 4, 6, 2, 10, 2, 6, 12, 10, 6, 2, 4, 6, 2, 6, 4, 6, 6, 6, 2, 6, 4, 2, 6, 4, 6, 8, 4, 2, 4, 6, 8, 6, 10, 2, 10, 2, 6, 6, 4, 6, 6, 2, 6, 4, 2, 6, 10, 2, 12, 4, 2, 4, 6, 12, 2, 4, 12, 2, 6, 4, 2, 6, 4, 18, 2, 4, 2, 4, 8, 6, 4, 6, 2, 4, 6, 2, 6, 12, 4, 6, 2, 6, 4, 6, 2, 10, 2, 10, 2, 4, 6, 6, 2, 6, 6, 4, 6, 6, 8, 4, 2, 6, 4, 6, 8, 4, 2, 6, 12, 6, 4, 6, 6, 6, 8, 6, 4, 2, 10, 2, 6, 6, 4, 2, 10, 2, 10, 2, 4, 2, 4, 8, 6, 4, 2, 4, 6, 8, 6, 4, 8, 4, 6, 8, 4, 2, 4, 2, 4, 8, 6, 4, 12, 6, 2, 6, 10, 2, 4, 6, 2, 6, 4, 2, 4, 2, 10, 2, 10, 2, 6, 4, 6, 8, 4, 2, 4, 6, 6, 8, 4, 2, 6, 10, 8, 4, 2, 4, 6, 8, 10, 6, 2, 4, 8, 6, 6, 4, 2, 4, 6, 2, 10, 6, 2, 10, 2, 10, 2, 4, 2, 4, 8, 6, 4, 2, 4, 6, 6, 2, 6, 6, 6, 4, 6, 8, 4, 2, 6, 4, 8, 6, 4, 8, 4, 6, 2, 6, 6, 4, 2, 4, 6, 8, 4, 2, 4, 2, 10, 12, 2, 4, 2, 4, 6, 2, 10, 2, 4, 14, 6, 4, 2, 10, 6, 8, 4, 6, 2, 4, 8, 6, 10, 2, 4, 6, 2, 12, 4, 6, 6, 2, 6, 6, 4, 2, 12, 10, 2, 4, 2, 4, 6, 2, 6, 4, 2, 10, 6, 2, 6, 4, 2, 6, 4, 6, 8, 4, 6, 2, 12, 6, 4, 6, 2, 4, 6, 2, 12, 4, 2, 4, 14, 4, 2, 4, 2, 10, 2, 10, 6, 2, 10, 2, 6, 4, 2, 4, 6, 6, 2, 6, 4, 2, 10, 6, 8, 6, 4, 2, 4, 8, 10, 6, 2, 4, 6, 2, 6, 6, 6, 4, 8, 6, 4, 2, 4, 2, 10, 12, 2, 4, 2, 10, 2, 6, 4, 2, 10, 6, 2, 10, 8, 4, 14, 4, 2, 4, 2, 4, 8, 6, 4, 6, 2, 4, 6, 8, 6, 4, 2, 4, 6, 2, 6, 4, 2, 4, 12, 2, 12, 4, 6, 6, 2, 6, 4, 2, 4, 6, 6, 2, 6, 6, 6, 4, 6, 12, 2, 4, 2, 4, 14, 4, 6, 2, 12, 6, 6, 4, 2, 4, 6, 2, 10, 2, 4, 2, 12, 10, 2, 6, 4, 6, 2, 6, 4, 6, 6, 6, 2, 6, 4, 2, 6, 4, 6, 8, 4, 2, 4, 6, 14, 10, 2, 4, 6, 2, 6, 6, 4, 2, 10, 2, 6, 4, 2, 16, 2, 10, 2, 4, 2, 4, 6, 8, 6, 4, 12, 2, 10, 2, 6, 4, 6, 12, 2, 4, 2, 4, 8, 6, 4, 6, 2, 4, 6, 2, 6, 10, 2, 4, 6, 2, 6, 4, 2, 6, 10, 2, 10, 6, 6, 6, 2, 6, 6, 4, 6, 6, 2, 6, 4, 2, 6, 4, 6, 8, 4, 2, 6, 4, 8, 6, 4, 6, 2, 10, 8, 6, 4, 12, 2, 6, 4, 2, 4, 2, 10, 2, 12, 4, 2, 4, 8, 10, 2, 4, 6, 6, 2, 6, 4, 8, 4, 14, 4, 2, 4, 2, 4, 8, 6, 4, 6, 6, 6, 2, 6, 6, 6, 4, 6, 2, 6, 4, 6, 2, 10, 2, 10, 2, 6, 4, 6, 2, 6, 4, 2, 4, 6, 6, 8, 4, 2, 6, 10, 8, 4, 2, 4, 2, 12, 10, 6, 6, 8, 6, 6, 4, 2, 4, 6, 2, 6, 10, 2, 10, 2, 10, 2, 4, 2, 4, 6, 2, 6, 4, 2, 4, 6, 8, 6, 6, 6, 4, 6, 8, 4, 2, 4, 2, 4, 8, 6, 4, 8, 4, 6, 2, 6, 10, 2, 4, 6, 8, 4, 2, 4, 2, 10, 2, 10, 2, 4, 2, 4, 6, 12, 2, 4, 6, 8, 6, 4, 2, 6, 10, 8, 4, 6, 6, 8, 6, 4, 6, 2, 4, 6, 2, 6, 6, 4, 6, 6, 2, 12, 4, 2, 10, 2, 10, 2, 4, 2, 4, 8, 6, 4, 2, 10, 6, 2, 6, 4, 2, 6, 4, 6, 8, 4, 2, 6, 12, 6, 4, 6, 2, 4, 6, 2, 12, 4, 2, 4, 8, 6, 4, 2, 4, 2, 10, 12, 6, 2, 4, 6, 2, 6, 4, 2, 4, 12, 2, 6, 4, 2, 10, 6, 8, 6, 4, 2, 4, 8, 6, 10, 2, 4, 6, 2, 12, 6, 4, 6, 2, 6, 4, 2, 4, 2, 22, 2, 4, 2, 10, 2, 6, 4, 2, 4, 6, 6, 2, 10, 2, 6, 4, 14, 4, 6, 2, 4, 8, 6, 4, 6, 2, 4, 6, 2, 6, 6, 4, 2, 4, 6, 8, 4, 2, 4, 12, 2, 12, 4, 2, 10, 2, 6, 4, 2, 4, 6, 6, 2, 6, 4, 2, 6, 4, 6, 8, 6, 4, 2, 4, 18, 6, 2, 10, 2, 6, 6, 4, 2, 4, 8, 10, 2, 4, 2, 12, 10, 2, 4, 2, 4, 6, 2, 6, 4, 12, 6, 2, 6, 4, 8, 4, 6, 8, 4, 2, 4, 6, 8, 6, 10, 2, 4, 6, 8, 6, 4, 2, 4, 6, 2, 6, 4, 2, 6, 10, 2, 10, 2, 4, 6, 6, 8, 4, 2, 4, 12, 2, 6, 6, 6, 4, 6, 12, 2, 4, 2, 4, 8, 6, 4, 6, 2, 4, 8, 6, 10, 2, 4, 6, 2, 6, 4, 2, 4, 2, 10, 2, 10, 2, 10, 6, 2, 6, 10, 6, 6, 2, 6, 4, 2, 6, 4, 6, 8, 4, 2, 6, 4, 14, 4, 6, 2, 4, 6, 8, 6, 4, 2, 10, 2, 6, 4, 2, 4, 12, 2, 10, 2, 4, 2, 4, 8, 6, 6, 4, 6, 6, 2, 10, 8, 4, 6, 8, 4, 2, 4, 2, 4, 8, 6, 4, 6, 6, 6, 2, 6, 6, 4, 2, 4, 6, 2, 6, 4, 2, 6, 10, 2, 10, 8, 4, 6, 2, 6, 4, 2, 4, 6, 6, 8, 4, 2, 6, 10, 8, 4, 2, 4, 2, 4, 8, 10, 6, 2, 12, 6, 6, 4, 6, 6, 2, 6, 4, 6, 2, 10, 2, 12, 4, 2, 4, 6, 2, 10, 2, 4, 6, 6, 2, 6, 6, 6, 4, 14, 4, 2, 4, 2, 4, 8, 6, 4, 8, 4, 6, 2, 6, 6, 6, 4, 6, 8, 4, 6, 2, 10, 2, 10, 2, 4, 2, 4, 6, 2, 10, 2, 4, 6, 14, 4, 2, 6, 4, 6, 8, 4, 6, 2, 12, 6, 4, 6, 6, 6, 2, 6, 6, 4, 6, 6, 2, 6, 6, 4, 2, 10, 2, 10, 2, 4, 2, 4, 6, 2, 6, 4, 2, 10, 8, 6, 4, 2, 6, 4, 6, 8, 4, 2, 4, 2, 12, 6, 4, 8, 4, 6, 2, 16, 2, 4, 8, 6, 4, 2, 4, 2, 10, 2, 10, 6, 2, 4, 6, 8, 4, 2, 4, 6, 6, 2, 6, 4, 2, 16, 8, 6, 4, 6, 8, 6, 4, 6, 2, 4, 6, 2, 6, 6, 6, 4, 6, 2, 10, 2, 4, 2, 10, 12, 2, 4, 2, 12, 6, 4, 2, 4, 6, 6, 2, 10, 2, 6, 4, 14, 4, 2, 6, 4, 8, 6, 4, 6, 2, 4, 6, 2, 6, 6, 4, 2, 4, 6, 2, 6, 4, 2, 4, 12, 14, 4, 2, 4, 6, 2, 6, 4, 2, 4, 12, 2, 6, 4, 2, 10, 6, 8, 4, 2, 4, 2, 4, 14, 10, 2, 10, 2, 12, 4, 2, 4, 6, 2, 10, 2, 4, 2, 12, 10, 2, 4, 2, 4, 6, 2, 6, 4, 6, 6, 6, 2, 6, 4, 2, 6, 4, 6, 8, 4, 6, 6, 8, 6, 10, 2, 4, 6, 2, 6, 6, 4, 2, 4, 6, 8, 4, 2, 6, 10, 2, 10, 2, 4, 2, 10, 8, 4, 2, 4, 12, 2, 6, 4, 2, 6, 4, 6, 14, 4, 2, 4, 8, 10, 6, 2, 4, 6, 2, 6, 10, 2, 4, 8, 6, 4, 2, 4, 2, 10, 2, 10, 2, 4, 6, 6, 2, 6, 6, 10, 6, 2, 6, 4, 8, 4, 6, 8, 4, 2, 6, 4, 8, 6, 4, 6, 2, 4, 6, 8, 6, 4, 2, 10, 2, 6, 4, 2, 4, 2, 10, 2, 10, 2, 4, 6, 8, 6, 4, 2, 4, 6, 6, 2, 6, 12, 4, 6, 12, 2, 4, 2, 4, 8, 6, 4, 6, 6, 8, 6, 6, 4, 2, 4, 6, 2, 6, 4, 2, 4, 2, 10, 2, 10, 2, 6, 4, 6, 2, 6, 4, 6, 6, 6, 8, 4, 2, 6, 10, 8, 4, 2, 4, 2, 4, 18, 6, 2, 4, 8, 6, 6, 4, 2, 10, 2, 6, 4, 6, 12, 2, 10, 2, 4, 2, 4, 6, 2, 6, 6, 4, 6, 6, 2, 12, 6, 4, 6, 8, 4, 2, 4, 2, 4, 8, 6, 4, 8, 4, 6, 2, 6, 6, 4, 2, 4, 6, 8, 4, 2, 6, 10, 2, 10, 6, 2, 4, 6, 2, 10, 2, 4, 6, 8, 6, 4, 2, 6, 4, 6, 8, 4, 6, 2, 4, 8, 6, 4, 6, 2, 10, 2, 6, 6, 4, 6, 6, 2, 6, 6, 4, 2, 10, 2, 12, 4, 2, 4, 6, 2, 10, 2, 10, 6, 2, 6, 4, 2, 6, 4, 14, 4, 2, 4, 2, 12, 6, 4, 6, 2, 4, 6, 2, 12, 6, 4, 8, 6, 4, 6, 2, 10, 2, 10, 6, 2, 4, 6, 2, 6, 4, 2, 4, 6, 6, 8, 4, 2, 10, 6, 8, 6, 4, 2, 12, 6, 4, 6, 6, 6, 2, 6, 6, 6, 4, 6, 2, 6, 6, 4, 2, 10, 12, 2, 4, 2, 10, 2, 6, 4, 2, 4, 6, 8, 10, 2, 6, 4, 14, 4, 2, 4, 2, 4, 8, 6, 4, 8, 4, 6, 2, 6, 10, 2, 4, 6, 2, 6, 4, 2, 4, 12, 2, 12, 4, 2, 4, 6, 8, 4, 2, 4, 6, 6, 2, 6, 4, 2, 6, 10, 8, 4, 2, 4, 6, 14, 4, 6, 2, 10, 2, 6, 6, 4, 2, 4, 6, 2, 10, 2, 4, 2, 12, 10, 2, 4, 2, 4, 8, 6, 4, 6, 6, 6, 2, 6, 4, 2, 6, 4, 6, 8, 4, 2, 10, 8, 6, 10, 2, 4, 6, 2, 6, 6, 4, 2, 4, 6, 2, 6, 4, 2, 6, 10, 12, 2, 4, 2, 4, 6, 8, 4, 2, 4, 12, 2, 6, 4, 2, 10, 6, 12, 2, 4, 2, 4, 8, 6, 10, 2, 4, 6, 2, 16, 2, 4, 6, 2, 6, 4, 2, 4, 2, 12, 10, 2, 4, 6, 6, 2, 6, 6, 4, 6, 6, 2, 6, 4, 2, 6, 4, 6, 8, 4, 8, 4, 8, 6, 4, 6, 2, 4, 6, 8, 6, 4, 2, 10, 8, 4, 2, 4, 2, 10, 2, 10, 2, 4, 2, 12, 6, 4, 2, 4, 6, 6, 2, 6, 4, 8, 4, 6, 8, 6, 4, 2, 4, 8, 10, 6, 6, 6, 2, 6, 6, 4, 2, 4, 8, 6, 4, 2, 4, 2, 10, 2, 10, 2, 6, 4, 6, 2, 6, 4, 2, 10, 6, 8, 4, 8, 10, 8, 4, 2, 4, 2, 4, 8, 10, 6, 2, 4, 14, 6, 4, 2, 4, 6, 2, 6, 4, 6, 2, 10, 2, 10, 2, 4, 6, 6, 2, 6, 4, 2, 4, 6, 6, 2, 6, 6, 6, 4, 6, 12, 2, 4, 2, 4, 8, 6, 4, 8, 4, 8, 6, 6, 4, 2, 4, 6, 8, 4, 2, 4, 2, 10, 2, 10, 2, 6, 4, 6, 2, 10, 6, 6, 8, 6, 4, 2, 6, 4, 6, 8, 4, 6, 2, 4, 14, 4, 6, 2, 4, 6, 2, 6, 6, 4, 12, 2, 6, 6, 4, 12, 2, 10, 2, 4, 2, 4, 6, 2, 6, 6, 10, 6, 2, 10, 2, 6, 4, 6, 8, 4, 2, 4, 2, 12, 6, 4, 6, 2, 4, 6, 2, 12, 4, 2, 4, 8, 6, 4, 2, 6, 10, 2, 10, 6, 2, 4, 6, 2, 6, 4, 2, 4, 6, 6, 2, 6, 4, 2, 10, 6, 8, 6, 4, 2, 4, 8, 6, 4, 6, 2, 10, 2, 6, 6, 10, 6, 2, 6, 4, 2, 4, 2, 10, 14, 4, 2, 10, 2, 10, 2, 4, 6, 6, 2, 10, 2, 6, 4, 14, 4, 2, 4, 2, 4, 8, 6, 4, 6, 2, 4, 6, 2, 6, 6, 6, 4, 6, 2, 6, 4, 6, 12, 2, 12, 4, 2, 4, 6, 2, 6, 4, 2, 4, 6, 6, 8, 4, 2, 6, 4, 6, 8, 4, 2, 4, 2, 18, 4, 6, 12, 2, 6, 6, 4, 2, 4, 6, 2, 12, 4, 2, 12, 10, 2, 4, 2, 4, 6, 2, 6, 4, 6, 6, 8, 6, 4, 2, 6, 4, 6, 8, 4, 2, 4, 6, 8, 6, 12, 4, 6, 2, 6, 10, 2, 4, 6, 2, 6, 4, 2, 6, 10, 2, 10, 2, 4, 2, 4, 6, 8, 4, 2, 4, 12, 2, 6, 4, 2, 6, 10, 12, 2, 4, 6, 8, 6, 4, 6, 2, 4, 6, 2, 6, 10, 2, 4, 6, 2, 10, 2, 4, 2, 10, 2, 10, 2, 4, 6, 8, 6, 6, 4, 6, 6, 2, 6, 4, 2, 6, 4, 6, 8, 4, 2, 6, 4, 8, 6, 4, 6, 2, 4, 6, 8, 6, 4, 2, 10, 2, 6, 4, 2, 4, 2, 10, 12, 2, 4, 2, 4, 8, 6, 4, 2, 4, 12, 2, 6, 4, 12, 6, 8, 4, 2, 4, 2, 4, 8, 6, 10, 6, 6, 2, 12, 4, 2, 4, 6, 2, 6, 4, 2, 4, 2, 12, 10, 2, 6, 4, 6, 2, 6, 4, 2, 4, 6, 6, 8, 4, 2, 6, 10, 8, 4, 6, 2, 4, 8, 10, 6, 2, 4, 8, 6, 6, 4, 2, 4, 6, 8, 4, 6, 2, 10, 2, 10, 2, 4, 2, 10, 2, 6, 4, 2, 4, 6, 6, 2, 6, 6, 6, 4, 6, 8, 6, 4, 2, 4, 8, 10, 8, 4, 6, 2, 6, 6, 4, 2, 4, 14, 4, 2, 4, 2, 10, 2, 10, 2, 4, 2, 4, 6, 2, 10, 2, 10, 8, 6, 4, 8, 4, 6, 8, 4, 6, 2, 4, 8, 6, 4, 6, 2, 4, 6, 8, 6, 4, 6, 6, 2, 6, 6, 4, 2, 10, 2, 10, 2, 4, 6, 6, 2, 6, 4, 2, 10, 6, 2, 6, 6, 6, 4, 6, 12, 2, 4, 2, 12, 6, 4, 6, 2, 4, 8, 12, 4, 2, 4, 8, 6, 4, 2, 4, 2, 10, 2, 10, 8, 4, 6, 2, 6, 4, 6, 6, 6, 2, 6, 4, 2, 10, 6, 8, 6, 4, 2, 4, 14, 4, 6, 2, 4, 6, 2, 6, 6, 6, 10, 2, 6, 4, 2, 4, 12, 12, 2, 4, 2, 10, 2, 6, 6, 4, 6, 6, 2, 10, 2, 6, 4, 14, 4, 2, 4, 2, 4, 8, 6, 4, 6, 2, 4, 6, 2, 6, 6, 4, 2, 4, 6, 2, 6, 4, 2, 16, 2, 16)))
p=17
while p<=999983:
    if is_prime(p):P.append(p)
    p += next(i)
